vec4 fullVertices[] = {
vec4(-0.203014 0.216815 0.036842,1.0),
vec4(-0.143468 0.260077 -0.036842,1.0),
vec4(-0.203014 0.216815 -0.036842,1.0),
vec4(0.203014 -0.216815 -0.036842,1.0),
vec4(0.143468 -0.260077 0.036842,1.0),
vec4(0.143468 -0.260077 -0.036842,1.0),
vec4(0.143468 -0.260077 -0.036842,1.0),
vec4(-0.203014 0.216815 0.036842,1.0),
vec4(-0.203014 0.216815 -0.036842,1.0),
vec4(0.143468 -0.260077 0.036842,1.0),
vec4(-0.143468 0.260077 0.036842,1.0),
vec4(-0.203014 0.216815 0.036842,1.0),
vec4(0.203014 -0.216815 0.036842,1.0),
vec4(-0.143468 0.260077 -0.036842,1.0),
vec4(-0.143468 0.260077 0.036842,1.0),
vec4(0.143468 -0.260077 -0.036842,1.0),
vec4(-0.143468 0.260077 -0.036842,1.0),
vec4(0.203014 -0.216815 -0.036842,1.0),
vec4(-0.182102 -0.234274 0.036842,1.0),
vec4(-0.234194 -0.182165 -0.036842,1.0),
vec4(-0.182102 -0.234274 -0.036842,1.0),
vec4(0.182102 0.234274 -0.036842,1.0),
vec4(0.234194 0.182165 0.036842,1.0),
vec4(0.234194 0.182165 -0.036842,1.0),
vec4(-0.182102 -0.234274 -0.036842,1.0),
vec4(0.234194 0.182165 0.036842,1.0),
vec4(-0.182102 -0.234274 0.036842,1.0),
vec4(0.234194 0.182165 0.036842,1.0),
vec4(-0.234194 -0.182165 0.036842,1.0),
vec4(-0.182102 -0.234274 0.036842,1.0),
vec4(0.182102 0.234274 0.036842,1.0),
vec4(-0.234194 -0.182165 -0.036842,1.0),
vec4(-0.234194 -0.182165 0.036842,1.0),
vec4(0.234194 0.182165 -0.036842,1.0),
vec4(-0.234194 -0.182165 -0.036842,1.0),
vec4(0.182102 0.234274 -0.036842,1.0),
vec4(0.037126 -0.589264 0.036842,1.0),
vec4(-0.036504 -0.589225 -0.036842,1.0),
vec4(0.037126 -0.589264 -0.036842,1.0),
vec4(-0.037126 0.589264 -0.036842,1.0),
vec4(0.036504 0.589225 0.036842,1.0),
vec4(0.036504 0.589225 -0.036842,1.0),
vec4(0.036504 0.589225 -0.036842,1.0),
vec4(0.037126 -0.589264 0.036842,1.0),
vec4(0.037126 -0.589264 -0.036842,1.0),
vec4(0.036504 0.589225 0.036842,1.0),
vec4(-0.036504 -0.589225 0.036842,1.0),
vec4(0.037126 -0.589264 0.036842,1.0),
vec4(-0.037126 0.589264 0.036842,1.0),
vec4(-0.036504 -0.589225 -0.036842,1.0),
vec4(-0.036504 -0.589225 0.036842,1.0),
vec4(0.036504 0.589225 -0.036842,1.0),
vec4(-0.036504 -0.589225 -0.036842,1.0),
vec4(-0.037126 0.589264 -0.036842,1.0),
vec4(0.589023 0.036516 -0.036842,1.0),
vec4(0.589062 -0.037140 0.036842,1.0),
vec4(0.589062 -0.037140 -0.036842,1.0),
vec4(-0.589062 0.037140 -0.036842,1.0),
vec4(-0.589023 -0.036516 0.036842,1.0),
vec4(-0.589062 0.037140 0.036842,1.0),
vec4(-0.589062 0.037140 -0.036842,1.0),
vec4(0.589023 0.036516 0.036842,1.0),
vec4(0.589023 0.036516 -0.036842,1.0),
vec4(0.589023 0.036516 0.036842,1.0),
vec4(-0.589023 -0.036516 0.036842,1.0),
vec4(0.589062 -0.037140 0.036842,1.0),
vec4(-0.589023 -0.036516 0.036842,1.0),
vec4(0.589062 -0.037140 -0.036842,1.0),
vec4(0.589062 -0.037140 0.036842,1.0),
vec4(0.589023 0.036516 -0.036842,1.0),
vec4(-0.589023 -0.036516 -0.036842,1.0),
vec4(-0.589062 0.037140 -0.036842,1.0),
vec4(-0.203014 0.216815 0.036842,1.0),
vec4(-0.143468 0.260077 0.036842,1.0),
vec4(-0.143468 0.260077 -0.036842,1.0),
vec4(0.203014 -0.216815 -0.036842,1.0),
vec4(0.203014 -0.216815 0.036842,1.0),
vec4(0.143468 -0.260077 0.036842,1.0),
vec4(0.143468 -0.260077 -0.036842,1.0),
vec4(0.143468 -0.260077 0.036842,1.0),
vec4(-0.203014 0.216815 0.036842,1.0),
vec4(0.143468 -0.260077 0.036842,1.0),
vec4(0.203014 -0.216815 0.036842,1.0),
vec4(-0.143468 0.260077 0.036842,1.0),
vec4(0.203014 -0.216815 0.036842,1.0),
vec4(0.203014 -0.216815 -0.036842,1.0),
vec4(-0.143468 0.260077 -0.036842,1.0),
vec4(0.143468 -0.260077 -0.036842,1.0),
vec4(-0.203014 0.216815 -0.036842,1.0),
vec4(-0.143468 0.260077 -0.036842,1.0),
vec4(-0.182102 -0.234274 0.036842,1.0),
vec4(-0.234194 -0.182165 0.036842,1.0),
vec4(-0.234194 -0.182165 -0.036842,1.0),
vec4(0.182102 0.234274 -0.036842,1.0),
vec4(0.182102 0.234274 0.036842,1.0),
vec4(0.234194 0.182165 0.036842,1.0),
vec4(-0.182102 -0.234274 -0.036842,1.0),
vec4(0.234194 0.182165 -0.036842,1.0),
vec4(0.234194 0.182165 0.036842,1.0),
vec4(0.234194 0.182165 0.036842,1.0),
vec4(0.182102 0.234274 0.036842,1.0),
vec4(-0.234194 -0.182165 0.036842,1.0),
vec4(0.182102 0.234274 0.036842,1.0),
vec4(0.182102 0.234274 -0.036842,1.0),
vec4(-0.234194 -0.182165 -0.036842,1.0),
vec4(0.234194 0.182165 -0.036842,1.0),
vec4(-0.182102 -0.234274 -0.036842,1.0),
vec4(-0.234194 -0.182165 -0.036842,1.0),
vec4(0.037126 -0.589264 0.036842,1.0),
vec4(-0.036504 -0.589225 0.036842,1.0),
vec4(-0.036504 -0.589225 -0.036842,1.0),
vec4(-0.037126 0.589264 -0.036842,1.0),
vec4(-0.037126 0.589264 0.036842,1.0),
vec4(0.036504 0.589225 0.036842,1.0),
vec4(0.036504 0.589225 -0.036842,1.0),
vec4(0.036504 0.589225 0.036842,1.0),
vec4(0.037126 -0.589264 0.036842,1.0),
vec4(0.036504 0.589225 0.036842,1.0),
vec4(-0.037126 0.589264 0.036842,1.0),
vec4(-0.036504 -0.589225 0.036842,1.0),
vec4(-0.037126 0.589264 0.036842,1.0),
vec4(-0.037126 0.589264 -0.036842,1.0),
vec4(-0.036504 -0.589225 -0.036842,1.0),
vec4(0.036504 0.589225 -0.036842,1.0),
vec4(0.037126 -0.589264 -0.036842,1.0),
vec4(-0.036504 -0.589225 -0.036842,1.0),
vec4(0.589023 0.036516 -0.036842,1.0),
vec4(0.589023 0.036516 0.036842,1.0),
vec4(0.589062 -0.037140 0.036842,1.0),
vec4(-0.589062 0.037140 -0.036842,1.0),
vec4(-0.589023 -0.036516 -0.036842,1.0),
vec4(-0.589023 -0.036516 0.036842,1.0),
vec4(-0.589062 0.037140 -0.036842,1.0),
vec4(-0.589062 0.037140 0.036842,1.0),
vec4(0.589023 0.036516 0.036842,1.0),
vec4(0.589023 0.036516 0.036842,1.0),
vec4(-0.589062 0.037140 0.036842,1.0),
vec4(-0.589023 -0.036516 0.036842,1.0),
vec4(-0.589023 -0.036516 0.036842,1.0),
vec4(-0.589023 -0.036516 -0.036842,1.0),
vec4(0.589062 -0.037140 -0.036842,1.0),
vec4(0.589023 0.036516 -0.036842,1.0),
vec4(0.589062 -0.037140 -0.036842,1.0),
vec4(-0.589023 -0.036516 -0.036842,1.0),
};